iter,obs_within_iter,x1,x2,z,y1,y2,pred_mu_y1,pred_mu_y2,pred_sd_y1,pred_sd_y2,pred_err_y1,pred_err_y2,pred_rmse_iter,hv_after,igd_plus_after,fit_wall_sec,fit_cpu_sec,predict_wall_sec,predict_cpu_sec,acq_wall_sec,acq_cpu_sec,pred_eval_wall_sec,pred_eval_cpu_sec,iter_wall_sec,iter_cpu_sec,total_wall_sec,total_cpu_sec
1,1,0.769230769230769,-1.38461538461538,c1,0.969902970717698,1.07651504594835,1.02756525669499,1.14818860796625,0.034858036765421,0.0159146323635545,-0.0576622859772913,-0.0716735620178965,0.274875471389044,0.00012288263024415,0.623242142163516,0.150000000001455,0.0299999999988358,0.0400000000008731,0,0,0,0.0499999999992724,0,0.240000000001601,0.0399999999935972,0.240000000001601,0.0399999999935972
1,2,0.769230769230769,-1.38461538461538,c2,0.732676364131061,0.592292516063496,0.352767611084832,0.205726351315733,0.0348580367654213,0.015914632363555,0.37990875304623,0.386566164747762,0.274875471389044,0.00012288263024415,0.623242142163516,0.150000000001455,0.0299999999988358,0.0400000000008731,0,0,0,0.0499999999992724,0,0.240000000001601,0.0399999999935972,0.240000000001601,0.0399999999935972
2,1,-0.461538461538462,-1.07692307692308,c1,0.973716013153295,1.08787663078166,0.812604607709989,1.07352948524444,0.254357604554427,0.12561380675134,0.161111405443305,0.0143471455372237,0.342960164862295,0.17697612387524,0.15659070279177,0.180000000000291,0.0200000000040745,0.0900000000001455,0.0100000000093132,0,0,0.0600000000013097,0.0199999999895226,0.330000000001746,0.0500000000029104,0.580000000001746,0.0899999999965075
2,2,-0.461538461538462,-1.07692307692308,c2,0.093835068676419,-0.121144404245422,0.701645419172505,0.152516975949759,0.254357604554427,0.12561380675134,-0.607810350496086,-0.273661380195181,0.342960164862295,0.17697612387524,0.15659070279177,0.180000000000291,0.0200000000040745,0.0900000000001455,0.0100000000093132,0,0,0.0600000000013097,0.0199999999895226,0.330000000001746,0.0500000000029104,0.580000000001746,0.0899999999965075
3,1,-0.769230769230769,-0.871794871794872,c1,0.976198398104777,1.0957223221097,0.913176482064837,1.04678722550831,0.0713181215093258,0.0799392264264119,0.0630219160399403,0.0489350966013953,0.0448878032667027,0.00842715190777366,0.0235812633909398,0.299999999999272,0,0.0900000000001455,0.030000000009295,0.00999999999839929,0,0.0800000000017462,0,0.5,0.030000000009295,1.10000000000218,0.120000000005803
3,2,-0.769230769230769,-0.871794871794872,c2,0.0153714135763833,-0.228546384143134,0.0479522681478279,-0.203411908554771,0.0713181215093257,0.0799392264264125,-0.0325808545714447,-0.0251344755883631,0.0448878032667027,0.00842715190777366,0.0235812633909398,0.299999999999272,0,0.0900000000001455,0.030000000009295,0.00999999999839929,0,0.0800000000017462,0,0.5,0.030000000009295,1.10000000000218,0.120000000005803
4,1,-0.666666666666667,-0.666666666666667,c1,0.95117952954991,1.02904645182734,0.94236082306441,1.03995066757511,0.0468249113764678,0.0506808483253516,0.00881870648550021,-0.010904215747777,0.0338423568542526,0.000263299213936346,0,0.219999999997526,0.0199999999895226,0.0900000000001455,0.0599999999976717,0.0200000000004366,0,0.069999999999709,0,0.419999999998254,0.0799999999871943,1.52000000000044,0.199999999992997
4,2,-0.666666666666667,-0.666666666666667,c2,0.00163406631981444,-0.247713055045128,0.057747840159789,-0.212559202481191,0.046824911376468,0.0506808483253515,-0.0561137738399745,-0.035153852563937,0.0338423568542526,0.000263299213936346,0,0.219999999997526,0.0199999999895226,0.0900000000001455,0.0599999999976717,0.0200000000004366,0,0.069999999999709,0,0.419999999998254,0.0799999999871943,1.52000000000044,0.199999999992997
5,1,-0.769230769230769,-0.666666666666667,c1,0.961359751520862,1.05342876996076,0.964501295755397,1.05410624404752,0.00810794385344697,0.00861188959366537,-0.00314154423453528,-0.000677474086753005,0.0022105739678755,1.00003425282587e-26,0,0.330000000001746,0,0.0900000000001455,0.0200000000040745,0,0,0.0499999999992724,0,0.470000000001164,0.0200000000040745,1.9900000000016,0.219999999997071
5,2,-0.769230769230769,-0.666666666666667,c2,0.00274362573696274,-0.24616103282108,0.00378582421577234,-0.249012716549125,0.00810794385344653,0.00861188959366234,-0.0010421984788096,0.00285168372804534,0.0022105739678755,1.00003425282587e-26,0,0.330000000001746,0,0.0900000000001455,0.0200000000040745,0,0,0.0499999999992724,0,0.470000000001164,0.0200000000040745,1.9900000000016,0.219999999997071
6,1,0.461538461538462,0.974358974358974,c1,0.100019360446301,0.3013269058555,0.545671675537704,0.580858120520104,0.206217875592635,0.215273713967503,-0.445652315091403,-0.279531214664604,0.272612513644421,1.00003425282587e-26,0,0.360000000000582,0,0.139999999999418,0.0100000000093132,0,0,0.00999999999839929,0,0.509999999998399,0.0100000000093132,2.5,0.240000000006148
6,2,0.461538461538462,0.974358974358974,c2,0.877117835526569,0.696876779740228,0.786083604715409,0.586244897877255,0.206217875592635,0.215273713967503,0.0910342308111604,0.110631881862973,0.272612513644421,1.00003425282587e-26,0,0.360000000000582,0,0.139999999999418,0.0100000000093132,0,0,0.00999999999839929,0,0.509999999998399,0.0100000000093132,2.5,0.240000000006148
7,1,0.461538461538462,2,c1,0.749801666062629,0.749801705383384,0.368317774391819,0.612519657952365,0.192718965777835,0.213284076758308,0.38148389167081,0.137282047431019,0.20287675918804,1.00003425282587e-26,0,0.130000000001019,0.0999999999912689,0.0800000000017462,0.0800000000017462,0,0,0.0399999999972351,0,0.25,0.179999999993015,2.75,0.419999999999163
7,2,0.461538461538462,2,c2,0.987055436863936,0.747725309272242,0.976559879929579,0.759949907754247,0.192718965777835,0.213284076758307,0.0104955569343574,-0.0122245984820056,0.20287675918804,1.00003425282587e-26,0,0.130000000001019,0.0999999999912689,0.0800000000017462,0.0800000000017462,0,0,0.0399999999972351,0,0.25,0.179999999993015,2.75,0.419999999999163
8,1,0.769230769230769,0.769230769230769,c1,0.0061559975479264,0.253082750449129,0.0893986766731995,0.270516487454434,0.0397584095414904,0.0413354223241239,-0.0832426791252731,-0.0174337370053055,0.0435486213366989,1.00003425282587e-26,0,0.420000000001892,0.110000000000582,0.25,0.00999999999476131,0,0,0.0599999999976717,0,0.770000000000437,0.119999999995343,3.54000000000087,0.539999999994507
8,2,0.769230769230769,0.769230769230769,c2,0.886910140873106,0.702707406807986,0.890878886057108,0.721062240750299,0.0397584095414899,0.0413354223241259,-0.00396874518400203,-0.0183548339423133,0.0435486213366989,1.00003425282587e-26,0,0.420000000001892,0.110000000000582,0.25,0.00999999999476131,0,0,0.0599999999976717,0,0.770000000000437,0.119999999995343,3.54000000000087,0.539999999994507
9,1,0.871794871794872,0.871794871794872,c1,0.0424673578605331,0.271464031248995,0.0131218923758717,0.271050443725625,0.0115887639521213,0.0104533414589437,0.0293454654846614,0.000413587523370285,0.0150185740534124,1.00003425282587e-26,0,0.229999999999563,0.0199999999999818,0.0900000000001455,0.0100000000002183,0,0,0.100000000002183,0,0.430000000000291,0.0300000000002001,3.97000000000116,0.589999999998781
9,2,0.871794871794872,0.871794871794872,c2,0.917332639616737,0.719502257109656,0.922323967282662,0.723500946316354,0.0115887639521188,0.0104533414589427,-0.00499132766592447,-0.0039986892066981,0.0150185740534124,1.00003425282587e-26,0,0.229999999999563,0.0199999999999818,0.0900000000001455,0.0100000000002183,0,0,0.100000000002183,0,0.430000000000291,0.0300000000002001,3.97000000000116,0.589999999998781
10,1,0.666666666666667,0.666666666666667,c1,0.00261322414938192,0.25130746680942,-0.00116531791196839,0.251052421351673,0.00656293423120487,0.00405356791905675,0.00377854206135031,0.000255045457746905,0.00258439780344209,1.00003425282587e-26,0,0.419999999998254,0.0200000000040745,0.110000000000582,0.0100000000093132,0,0,0.0800000000017462,0,0.610000000000582,0.0300000000133878,4.60000000000218,0.63000000000693
10,2,0.666666666666667,0.666666666666667,c2,0.848512700014719,0.67879233988292,0.848140906872843,0.675294370530497,0.00656293423120591,0.00405356791905038,0.000371793141875409,0.00349796935242275,0.00258439780344209,1.00003425282587e-26,0,0.419999999998254,0.0200000000040745,0.110000000000582,0.0100000000093132,0,0,0.0800000000017462,0,0.610000000000582,0.0300000000133878,4.60000000000218,0.63000000000693
11,1,0.769230769230769,0.666666666666667,c1,0.00438618666465485,0.252195503450027,0.00243543094945298,0.253591422061239,0.00186156050401901,0.00203701736899647,0.00195075571520187,-0.00139591861121158,0.00120734657844799,1.00003425282587e-26,0,0.229999999999563,0,0.069999999999709,0.0599999999976717,0.00999999999839929,0,0.0500000000029104,0,0.360000000000582,0.0599999999976717,4.96000000000276,0.709999999994125
11,2,0.769230769230769,0.666666666666667,c2,0.86911196611283,0.691969017739898,0.869356490473637,0.691838962946014,0.00186156050404365,0.00203701736899111,-0.000244524360807574,0.000130054793884282,0.00120734657844799,1.00003425282587e-26,0,0.229999999999563,0,0.069999999999709,0.0599999999976717,0.00999999999839929,0,0.0500000000029104,0,0.360000000000582,0.0599999999976717,4.96000000000276,0.709999999994125
12,1,-2,-0.974358974358974,c1,0.999703837826271,1.23279063703303,0.932655096974334,1.16958102424891,0.171939356018024,0.157500464913271,0.067048740851937,0.0632096127841193,0.0625507958171204,1.00003425282587e-26,0,0.180000000000291,0.0400000000040563,0.0900000000001455,0.0400000000081491,0,0,0.0299999999988358,0,0.299999999999272,0.0800000000122054,5.27000000000044,0.79000000000633
12,2,-2,-0.974358974358974,c2,0.581675697934162,0.454798654106532,0.4979615446366,0.442495810169292,0.171939356018029,0.157500464913291,0.0837141532975624,0.0123028439372397,0.0625507958171204,1.00003425282587e-26,0,0.180000000000291,0.0400000000040563,0.0900000000001455,0.0400000000081491,0,0,0.0299999999988358,0,0.299999999999272,0.0800000000122054,5.27000000000044,0.79000000000633
13,1,-0.666666666666667,-0.769230769230769,c1,0.961359751520862,1.05342876996076,0.961363540870438,1.05323835529748,0.000998788488428929,0.000667096858620543,-3.78934957623311e-06,0.000190414663280958,0.000695197488590995,1.00003425282587e-26,0,0.209999999999127,0.159999999992124,0.130000000001019,0.00999999999476131,0,0,0.110000000000582,0,0.450000000000728,0.169999999986885,5.7400000000016,0.959999999993215
13,2,-0.666666666666667,-0.769230769230769,c2,0.00274362573696274,-0.24616103282108,0.00270072539723964,-0.244784411722062,0.00099878848843945,0.00066709685861481,4.29003397230954e-05,-0.00137662109901815,0.000695197488590995,1.00003425282587e-26,0,0.209999999999127,0.159999999992124,0.130000000001019,0.00999999999476131,0,0,0.110000000000582,0,0.450000000000728,0.169999999986885,5.7400000000016,0.959999999993215
14,1,-2,-2,c1,0.99999191486526,1.24715656286505,1.35714768683881,1.49811044836201,0.279157866499352,0.264920782959054,-0.357155771973548,-0.250953885496962,0.720268657715266,1.00003425282587e-26,0,0.360000000000582,0.440000000000055,0.0799999999981083,0.0599999999990359,0.0100000000020373,0,0.0999999999985448,0.0100000000093132,0.549999999999272,0.510000000008404,6.29000000000087,1.49000000000569
14,2,-2,-2,c2,0.812048790778786,0.653691820429211,-0.140560482083472,-0.334814746217972,0.279157980758946,0.264920891391395,0.952609272862258,0.988506566647184,0.720268657715266,1.00003425282587e-26,0,0.360000000000582,0.440000000000055,0.0799999999981083,0.0599999999990359,0.0100000000020373,0,0.0999999999985448,0.0100000000093132,0.549999999999272,0.510000000008404,6.29000000000087,1.49000000000569
15,1,2,2,c1,0.931059854020269,0.987435444167095,-0.219086339463956,-0.0987321581017113,0.337799626637001,0.322612092470583,1.15014619348423,1.08616760226881,0.820634128835843,1.00003425282587e-26,0,0.610000000000582,0,0.119999999998981,0.130000000000564,0.0200000000004366,0,0.110000000000582,0,0.860000000000582,0.130000000000564,7.15000000000146,1.62000000000626
15,2,2,2,c2,0.999343394466053,0.74996498723941,1.28909575499938,1.07739243966421,0.337799625654481,0.322612091532238,-0.289752360533327,-0.327427452424798,0.820634128835843,1.00003425282587e-26,0,0.610000000000582,0,0.119999999998981,0.130000000000564,0.0200000000004366,0,0.110000000000582,0,0.860000000000582,0.130000000000564,7.15000000000146,1.62000000000626
16,1,-2,-0.769230769230769,c1,0.999502741104011,1.22770069741025,0.922606065308486,1.13100200753902,0.261123537411068,0.255024607246253,0.0768966757955251,0.0966986898712261,0.307983229859509,1.00003425282587e-26,0,0.330000000001746,0.170000000000528,0.0900000000001455,0.0599999999976717,0.0200000000004366,0,0.0799999999981083,0,0.530000000002474,0.229999999998199,7.69000000000233,1.86999999999398
16,2,-2,-0.769230769230769,c2,0.567302380198642,0.440501670906616,0.17379056780311,-0.0169908401061321,0.261123538789399,0.255024608592391,0.393511812395533,0.457492511012748,0.307983229859509,1.00003425282587e-26,0,0.330000000001746,0.170000000000528,0.0900000000001455,0.0599999999976717,0.0200000000004366,0,0.0799999999981083,0,0.530000000002474,0.229999999998199,7.69000000000233,1.86999999999398
17,1,2,0.871794871794872,c1,0.743071137998371,0.743118493135103,0.137452611744493,0.246988858118911,0.258968113769313,0.255961106455667,0.605618526253878,0.496129635016192,0.392329086672119,1.00003425282587e-26,0,0.44999999999709,0.510000000012042,0.110000000000582,0.0499999999883585,0,0,0.0499999999992724,0,0.609999999996944,0.5600000000004,8.31999999999971,2.42999999999438
17,2,2,0.871794871794872,c2,0.992632514248101,0.748966650992963,1.00362704554954,0.800436595564122,0.258968116792567,0.255961109443817,-0.0109945313014349,-0.0514699445711593,0.392329086672119,1.00003425282587e-26,0,0.44999999999709,0.510000000012042,0.110000000000582,0.0499999999883585,0,0,0.0499999999992724,0,0.609999999996944,0.5600000000004,8.31999999999971,2.42999999999438
18,1,-0.0512820512820513,0.871794871794872,c1,0.382342159329258,0.464087892528215,0.0431688516982263,0.329377802241652,0.172761894951257,0.179699243224563,0.339173307631032,0.134710090286564,0.183103247103384,1.00003425282587e-26,0,0.239999999997963,0.180000000003474,0.170000000001892,0.0599999999976717,0,0,0.0900000000001455,0.0200000000040745,0.5,0.26000000000522,8.83000000000175,2.6899999999996
18,2,-0.0512820512820513,0.871794871794872,c2,0.768116051179894,0.620765352528332,0.79456058260223,0.605847506749683,0.172761894962385,0.179699243236138,-0.0264445314223362,0.014917845778649,0.183103247103384,1.00003425282587e-26,0,0.239999999997963,0.180000000003474,0.170000000001892,0.0599999999976717,0,0,0.0900000000001455,0.0200000000040745,0.5,0.26000000000522,8.83000000000175,2.6899999999996
19,1,1.17948717948718,2,c1,0.780361637671579,0.781344089626066,-0.17852318425696,0.0990732955370959,0.244145841059749,0.217602699561133,0.958884821928539,0.68227079408897,0.590630029663571,1.00003425282587e-26,0,0.299999999999272,0.169999999995525,0.119999999998981,0.0300000000042928,0,0,0.0300000000024738,0.00999999999476131,0.450000000000728,0.209999999994579,9.30000000000291,2.89999999999418
19,2,1.17948717948718,2,c2,0.995677113586637,0.749510127168473,1.05719481586721,0.830980133158164,0.24414584179668,0.217602700217945,-0.0615177022805686,-0.0814700059896913,0.590630029663571,1.00003425282587e-26,0,0.299999999999272,0.169999999995525,0.119999999998981,0.0300000000042928,0,0,0.0300000000024738,0.00999999999476131,0.450000000000728,0.209999999994579,9.30000000000291,2.89999999999418
20,1,-1.17948717948718,-2,c1,0.999835093369132,1.23715840232416,1.26262469510232,1.50275269337993,0.341863366790562,0.290671564828966,-0.262789601733186,-0.265594291055769,0.48578222294502,1.00003425282587e-26,0,0.360000000000582,0.0499999999988177,0.139999999999418,0.100000000005821,0,0,0.110000000000582,0.00999999999476131,0.620000000002619,0.1599999999994,9.94000000000233,3.05999999999358
20,2,-1.17948717948718,-2,c2,0.61223587829528,0.484542700346964,0.0117088523406323,-0.181569948831225,0.341863368574084,0.290671566345417,0.600527025954648,0.666112649178189,0.48578222294502,1.00003425282587e-26,0,0.360000000000582,0.0499999999988177,0.139999999999418,0.100000000005821,0,0,0.110000000000582,0.00999999999476131,0.620000000002619,0.1599999999994,9.94000000000233,3.05999999999358
21,1,-0.769230769230769,2,c1,0.954082838845069,1.03571710018079,0.613252480542258,0.565464280588344,0.351823495642024,0.309156230194225,0.340830358302811,0.470252819592442,0.572593181634401,1.00003425282587e-26,0,0.279999999998836,0.440000000006421,0.0999999999985448,0.0299999999988358,0,0,0.0300000000024738,0,0.409999999999854,0.470000000005257,10.3500000000022,3.52999999999884
21,2,-0.769230769230769,2,c2,0.974425084146059,0.744098805909015,0.361466367555181,-0.029484008595432,0.35182349571658,0.309156230259739,0.612958716590878,0.773582814504447,0.572593181634401,1.00003425282587e-26,0,0.279999999998836,0.440000000006421,0.0999999999985448,0.0299999999988358,0,0,0.0300000000024738,0,0.409999999999854,0.470000000005257,10.3500000000022,3.52999999999884
22,1,-0.564102564102564,-2,c1,0.99921945663533,1.22206179381797,1.03172868959177,1.14705304670781,0.22051620182589,0.19981872556023,-0.0325092329564429,0.0750087471101577,0.403674814789125,1.00003425282587e-26,0,0.209999999999127,0.380000000001473,0.0900000000001455,0.0599999999976717,0.0200000000004366,0,0.0300000000024738,0,0.350000000002183,0.46000000000322,10.7100000000028,3.99999999999682
22,2,-0.564102564102564,-2,c2,0.570876936840385,0.444075260599018,0.0393320008565752,-0.158079406442312,0.220516201816053,0.199818725551316,0.53154493598381,0.602154667041329,0.403674814789125,1.00003425282587e-26,0,0.209999999999127,0.380000000001473,0.0900000000001455,0.0599999999976717,0.0200000000004366,0,0.0300000000024738,0,0.350000000002183,0.46000000000322,10.7100000000028,3.99999999999682
23,1,2,-2,c1,0.999253414191623,1.22267627755271,0.762169247319207,0.742160945378373,0.61807700493308,0.575100335560446,0.237084166872416,0.480515332174334,0.301245191136884,1.00003425282587e-26,0,0.309999999997672,0.240000000008877,0.159999999999854,0.0699999999883403,0,0,0.0900000000001455,0,0.590000000000146,0.309999999997217,11.3000000000029,4.30999999999403
23,2,2,-2,c2,0.988891003461758,0.748163695222971,0.754099960371832,0.60406671336375,0.61807700638119,0.575100336907865,0.234791043089926,0.144096981859221,0.301245191136884,1.00003425282587e-26,0,0.309999999997672,0.240000000008877,0.159999999999854,0.0699999999883403,0,0,0.0900000000001455,0,0.590000000000146,0.309999999997217,11.3000000000029,4.30999999999403
24,1,-0.564102564102564,-2,c1,0.99921945663533,1.22206179381797,1.05926329277747,1.20500813116928,0.215628266935548,0.201621899272704,-0.0600438361421427,0.017053662648689,0.292412844852246,1.00003425282587e-26,0,0.430000000000291,0.250000000002274,0.150000000001455,0.0599999999990359,0.00999999999839929,0,0.0900000000001455,0,0.680000000000291,0.31000000000131,12,4.61999999999534
24,2,-0.564102564102564,-2,c2,0.570876936840385,0.444075260599018,0.180654326974036,0.01297050254243,0.215628266938536,0.201621899275497,0.390222609866349,0.431104758056588,0.292412844852246,1.00003425282587e-26,0,0.430000000000291,0.250000000002274,0.150000000001455,0.0599999999990359,0.00999999999839929,0,0.0900000000001455,0,0.680000000000291,0.31000000000131,12,4.61999999999534
25,1,0.871794871794872,2,c1,0.743071137998371,0.743118493135103,0.254313349165955,0.379697253485347,0.221313695565535,0.208946528553346,0.488757788832417,0.363421239649756,0.310697173199554,1.00003425282587e-26,0,0.450000000000728,0.259999999997945,0.0800000000017462,0.0700000000028922,0.0199999999967986,0,0.150000000001455,0,0.720000000001164,0.34000000001015,12.7400000000016,4.96000000000549
25,2,0.871794871794872,2,c2,0.992632514248101,0.748966650992963,1.05085874158078,0.857509115560788,0.221313696989238,0.208946529897492,-0.0582262273326818,-0.108542464567825,0.310697173199554,1.00003425282587e-26,0,0.450000000000728,0.259999999997945,0.0800000000017462,0.0700000000028922,0.0199999999967986,0,0.150000000001455,0,0.720000000001164,0.34000000001015,12.7400000000016,4.96000000000549
26,1,-0.666666666666667,-1.8974358974359,c1,0.999028546195171,1.21883184630382,1.05542688853802,1.22236695261176,0.21525855218214,0.200604696053174,-0.0563983423428511,-0.00353510630794407,0.187555555073115,1.00003425282587e-26,0,0.380000000001019,0.639999999988959,0.0999999999985448,0.0299999999988358,0,0,0.0500000000029104,0,0.530000000002474,0.669999999987795,13.3000000000029,5.62999999999329
26,2,-0.666666666666667,-1.8974358974359,c2,0.507991557914499,0.379522722531814,0.264822776098526,0.0995512623619561,0.215258552898738,0.200604696720989,0.243168781815972,0.279971460169858,0.187555555073115,1.00003425282587e-26,0,0.380000000001019,0.639999999988959,0.0999999999985448,0.0299999999988358,0,0,0.0500000000029104,0,0.530000000002474,0.669999999987795,13.3000000000029,5.62999999999329
27,1,-0.666666666666667,-1.48717948717949,c1,0.995307156408904,1.18149566735529,0.984064891544676,1.14349477559085,0.20834191593488,0.195093095934118,0.0112422648642272,0.0380008917644419,0.0259135863599798,1.00003425282587e-26,0,0.269999999996799,0.350000000001273,0.110000000000582,0.0600000000081309,0,0,0.0299999999988358,0,0.43999999999869,0.410000000009404,13.7400000000016,6.06000000000677
27,2,-0.666666666666667,-1.48717948717949,c2,0.262931476418206,0.0976044183072744,0.290501569959815,0.116458846966907,0.208341916629214,0.195093096584298,-0.0275700935416093,-0.0188544286596326,0.0259135863599798,1.00003425282587e-26,0,0.269999999996799,0.350000000001273,0.110000000000582,0.0600000000081309,0,0,0.0299999999988358,0,0.43999999999869,0.410000000009404,13.7400000000016,6.06000000000677
28,1,-0.666666666666667,-1.48717948717949,c1,0.995307156408904,1.18149566735529,0.985017073893232,1.14711367803375,0.204105697040735,0.191167859697354,0.0102900825156715,0.0343819893215469,0.0234833806678674,1.00003425282587e-26,0,0.340000000000146,0.469999999987067,0.139999999999418,0.0900000000019645,0.0200000000004366,0,0.0900000000001455,0.0200000000040745,0.610000000000582,0.579999999993106,14.3500000000022,6.63999999999987
28,2,-0.666666666666667,-1.48717948717949,c2,0.262931476418206,0.0976044183072744,0.28786291075221,0.114817589558697,0.204105697722991,0.191167860336364,-0.0249314343340042,-0.017213171251423,0.0234833806678674,1.00003425282587e-26,0,0.340000000000146,0.469999999987067,0.139999999999418,0.0900000000019645,0.0200000000004366,0,0.0900000000001455,0.0200000000040745,0.610000000000582,0.579999999993106,14.3500000000022,6.63999999999987
29,1,-0.666666666666667,-1.48717948717949,c1,0.995307156408904,1.18149566735529,0.985822996049819,1.15010201455561,0.200214056006675,0.187556718513975,0.00948416035908428,0.0313936527996803,0.0214706098985879,1.00003425282587e-26,0,0.509999999998399,0.540000000003602,0.159999999999854,0.0199999999945248,0,0,0.0800000000017462,0,0.75,0.559999999998126,15.1000000000022,7.20999999999276
29,2,-0.666666666666667,-1.48717948717949,c2,0.262931476418206,0.0976044183072744,0.285686235437652,0.11343661859064,0.200214056698857,0.187556719162398,-0.0227547590194458,-0.0158322002833657,0.0214706098985879,1.00003425282587e-26,0,0.509999999998399,0.540000000003602,0.159999999999854,0.0199999999945248,0,0,0.0800000000017462,0,0.75,0.559999999998126,15.1000000000022,7.20999999999276
30,1,-0.666666666666667,-1.48717948717949,c1,0.995307156408904,1.18149566735529,0.986513473797004,1.15261162818274,0.196607089745532,0.184205753318535,0.00879368261189972,0.0288840391725544,0.0197760593057925,1.00003425282587e-26,0,0.330000000001746,0.380000000001928,0.0599999999976717,0.0500000000029104,0.0200000000004366,0,0,0,0.409999999999854,0.430000000004839,15.5200000000004,7.6399999999976
30,2,-0.666666666666667,-1.48717948717949,c2,0.262931476418206,0.0976044183072744,0.283859700373569,0.11225921124128,0.196607089737975,0.184205753311454,-0.0209282239553626,-0.014654792934006,0.0197760593057925,1.00003425282587e-26,0,0.330000000001746,0.380000000001928,0.0599999999976717,0.0500000000029104,0.0200000000004366,0,0,0,0.409999999999854,0.430000000004839,15.5200000000004,7.6399999999976
