iter,obs_within_iter,x1,x2,z,y1,y2,pred_mu_y1,pred_mu_y2,pred_sd_y1,pred_sd_y2,pred_err_y1,pred_err_y2,pred_rmse_iter,hv_after,igd_plus_after,fit_wall_sec,fit_cpu_sec,predict_wall_sec,predict_cpu_sec,acq_wall_sec,acq_cpu_sec,pred_eval_wall_sec,pred_eval_cpu_sec,iter_wall_sec,iter_cpu_sec,total_wall_sec,total_cpu_sec
1,1,0.0512820512820511,0.358974358974359,c1,0.356634191698169,0.447899128349912,0.43294243344419,0.513661431349893,0.106644064659978,0.106644064659978,-0.0763082417460207,-0.0657623029999809,0.0712307105616335,0.00312852274624398,0.780961842029597,0.320000000001528,0.220000000002301,0.559999999999491,0.9599999999989,0.760000000000218,6.54999999999563,0,0,1.66000000000167,7.72999999999683,1.66000000000167,7.72999999999683
2,1,0.256410256410256,0.666666666666667,c1,0.151096878595779,0.328640612245025,0.404504447804485,0.492073252203002,0.0897884844484996,0.0897884844484996,-0.253407569208706,-0.163432639957976,0.213220102166633,0.0498385772165521,0.59541807333356,0.6299999999992,0.430000000000518,0.600000000000364,1.09000000000174,0.709999999999127,6.21000000000151,0,0,1.93999999999869,7.73000000000377,3.60000000000036,15.4600000000006
3,1,0.256410256410256,0.974358974358974,c1,0.197192944722372,0.354004991488441,0.174638075280132,0.365760058072445,0.0610898208857565,0.0610898208857565,0.0225548694422395,-0.011755066584004,0.0179847675263101,9.99789214953489e-27,0.59541807333356,0.489999999999782,0.470000000001164,0.670000000000073,1.74000000000058,0.3700000000008,3.07999999999561,0.0200000000004366,0,1.55000000000109,5.28999999999735,5.16000000000167,20.749999999998
4,1,0.461538461538462,0.769230769230769,c1,0.0500353936965179,0.275338722271433,0.140256692434946,0.35267841042746,0.0475052203273298,0.0475052203273299,-0.090221298738428,-0.0773396881560268,0.0840277040925198,0.00538676814868367,0.525286445899606,0.409999999999854,0.460000000002651,0.949999999998909,1.72999999999854,0.390000000001237,3.25999999999908,0,0,1.75,5.45000000000027,6.91000000000167,26.1999999999982
5,1,0.666666666666667,0.666666666666667,c1,0.00261322414938192,0.25130746680942,0.0371626208551608,0.287336631269014,0.0322186088560073,0.0322186088560078,-0.0345493967057788,-0.0360291644595938,0.0352970360256335,0.00113961427095729,0.499021482485514,0.670000000000073,0.690000000000282,0.989999999999782,2.22999999999979,0.649999999999636,3.07000000000085,0,0.0100000000020373,2.30999999999949,6.00000000000296,9.22000000000116,32.2000000000012
6,1,1.28205128205128,0.871794871794872,c2,0.960237861569063,0.739053944995902,0.458547197816401,0.318845064967698,0.191481333689647,0.200385731563195,0.501690663752662,0.420208880028203,0.462746704445933,9.9975452895519e-27,0.499021482485514,0.319999999999709,0.489999999996144,1.09000000000015,1.87000000000148,0.309999999999491,2.98999999999796,0,0,1.71999999999935,5.34999999999559,10.9400000000005,37.5499999999968
7,1,-0.871794871794872,-2,c2,0.572306097877192,0.445500711882785,0.770490530850893,0.609670187738931,0.242994854678842,0.243096888944453,-0.198184432973701,-0.164169475856146,0.181973468225438,9.9975452895519e-27,0.499021482485514,0.610000000000582,0.540000000001442,0.799999999999272,2.2900000000003,0.720000000001164,2.98000000000434,0.0100000000002183,0,2.14000000000124,5.81000000000608,13.0800000000017,43.3600000000029
8,1,1.17948717948718,1.69230769230769,c1,0.615192188706785,0.62967120710609,0.566643148675535,0.702225885372869,0.181779767278771,0.18064371760061,0.0485490400312494,-0.072554678266779,0.0617300195462129,9.9975452895519e-27,0.499021482485514,0.309999999999491,0.459999999997763,0.8799999999992,2.06999999999618,0.579999999999927,3.2100000000014,0,0.0200000000000955,1.76999999999862,5.75999999999544,14.8500000000004,49.1199999999983
9,1,-1.38461538461538,-1.07692307692308,c2,0.257617745112345,0.0910103170512648,0.635250382507308,0.496810776176996,0.190149719680118,0.190147087001089,-0.377632637394963,-0.405800459125731,0.391969655364118,9.9975452895519e-27,0.424571744953086,0.260000000000218,0.429999999997904,0.780000000000655,2.23000000000229,0.469999999999345,2.93000000000029,0,0.0500000000029104,1.51000000000022,5.6400000000034,16.3600000000006,54.7600000000017
10,1,-1.07692307692308,-0.871794871794872,c2,0.078675646976431,-0.141615420911778,0.314229044393147,0.152651139253194,0.103549004050253,0.103646201246322,-0.235553397416716,-0.294266560164972,0.266531622388304,0.0848265719777649,0.131118698585534,0.389999999999418,0.399999999995657,0.890000000001237,1.86000000000172,0.739999999999782,6.08000000000095,0,0,2.02000000000044,8.33999999999833,18.380000000001,63.1
11,1,-0.769230769230769,-0.769230769230769,c2,0.00385195201698296,-0.244611424891375,0.0670929866756744,-0.17692331386972,0.0630182915425004,0.0619379515114306,-0.0632410346586915,-0.0676881110216554,0.0655023237693968,0.0441660964707648,0.00381302066298785,0.729999999999563,0.940000000001191,1.05000000000109,1.97000000000139,0.579999999999927,6.54999999999802,0.139999999999418,0,2.51000000000022,9.4600000000006,20.8900000000012,72.5799999999974
12,1,-0.769230769230769,-0.564102564102564,c2,0.0120812268225879,-0.233127249366589,0.0285916602208695,-0.216951537267492,0.0492808631229908,0.0492808631229909,-0.0165104333982815,-0.0161757120990967,0.0163439296515855,0.000129004795756115,0.00381302066298785,0.430000000000291,0.490000000000805,0.649999999999636,1.22999999999797,0.610000000000582,6.34000000000287,0.0199999999986176,0,1.70999999999913,8.06000000000165,22.6000000000004,80.6399999999991
13,1,-0.769230769230769,-0.666666666666667,c2,0.00274362573696274,-0.24616103282108,0.000800052906951065,-0.247670304161025,0.00245779008691075,0.00245779008690896,0.00194357283001168,0.00150927133994438,0.00174002518992357,0.000680554161631467,0.00190785090720417,0.720000000001164,0.489999999997394,0.679999999998472,1.12000000000262,0.720000000001164,6.07999999999572,0,0,2.1200000000008,7.69999999999777,24.7200000000012,88.3499999999989
14,1,-0.666666666666667,-0.666666666666667,c2,0.00163406631981444,-0.247713055045128,0.00868793033026105,-0.239863411975401,0.00972546556250743,0.00954293911892034,-0.00705386401044661,-0.00784964306972663,0.00746236871911263,0.000616046018873694,0,0.360000000000582,0.700000000000841,0.989999999999782,1.93999999999971,0.719999999999345,6.39999999999736,0,0,2.06999999999971,9.03999999999792,26.7900000000009,97.3899999999968
15,1,0.153846153846154,-1.79487179487179,c2,0.617962436205513,0.490014879106634,0.613301157909084,0.451126311448811,0.169840848698458,0.169840848698456,0.00466127829642971,0.0388885676578227,0.0276952000338851,1.00003425282587e-26,0,0.739999999999782,0.540000000002578,0.569999999999709,0.970000000000596,0.380000000001019,3.26999999999794,0.0299999999988358,0,1.72999999999956,4.78000000000111,28.5200000000004,102.169999999998
16,1,-0.666666666666667,-0.769230769230769,c2,0.00274362573696274,-0.24616103282108,0.00415079694227538,-0.244937881982098,0.00251626191332837,0.00251626191333485,-0.00140717120531264,-0.00122315083898261,0.00131837566269347,1.00003425282587e-26,0,0.360000000000582,1.00000000000443,0.760000000000218,1.01999999999566,0.409999999999854,3.08000000000175,0.0200000000004366,0,1.55000000000109,5.10000000000184,30.0700000000015,107.27
17,1,-0.666666666666667,-0.666666666666667,c2,0.00163406631981444,-0.247713055045128,0.00163401547168773,-0.247713042749648,3.03100840315777e-05,3.03100839186539e-05,5.08481267091909e-08,-1.22954791903496e-08,3.69912881524438e-08,1.00003425282587e-26,0,0.389999999999418,0.589999999997076,0.649999999999636,1.20000000000312,0.550000000001091,3.07999999999981,0,0,1.59000000000015,4.87,31.6600000000017,112.14
18,1,-0.666666666666667,-0.666666666666667,c2,0.00163406631981444,-0.247713055045128,0.00163404089306829,-0.247713048895029,2.54165274170177e-05,2.54165272907688e-05,2.54267461530233e-08,-6.15009854154636e-09,1.84978800407103e-08,1.00003425282587e-26,0,0.269999999998618,0.709999999999354,0.81000000000131,1.21999999999684,0.369999999998981,3.16999999999825,0,0,1.44999999999891,5.09999999999445,33.1100000000006,117.249999999996
19,1,-0.666666666666667,-0.666666666666667,c2,0.00163406631981444,-0.247713055045128,0.00163404936805245,-0.247713050944537,2.32476299806483e-05,2.32476298507401e-05,1.69517619941217e-08,-4.10059031175081e-09,1.23324181653513e-08,1.00003425282587e-26,0,0.319999999999709,0.650000000004297,0.590000000000146,0.95999999999799,0.280000000000655,3.26999999999998,0.0200000000004366,0,1.21000000000095,4.88000000000227,34.3200000000015,122.129999999999
20,1,-0.666666666666667,-0.666666666666667,c2,0.00163406631981444,-0.247713055045128,0.00163405360577074,-0.247713051969489,2.18752896879543e-05,2.18752896227603e-05,1.27140437067297e-08,-3.07563896573271e-09,9.24949897086772e-09,1.00003425282587e-26,0,1.21999999999935,0.800000000000864,0.709999999999127,1.29999999999882,0.570000000001528,3,0.0100000000002183,0,2.51000000000022,5.09999999999968,36.8300000000017,127.229999999998
21,1,-0.666666666666667,-0.666666666666667,c2,0.00163406631981444,-0.247713055045128,0.00163405614847267,-0.247713052584522,2.08616917538709e-05,2.08616916891073e-05,1.01713417688387e-08,-2.46060594122355e-09,7.39968833723785e-09,1.00003425282587e-26,0,0.659999999999854,0.460000000000946,0.699999999998909,1.21000000000026,0.329999999999927,3.34999999999854,0.0900000000001455,0,1.79999999999927,5.01999999999975,38.630000000001,132.249999999998
22,1,-0.666666666666667,-0.666666666666667,c2,0.00163406631981444,-0.247713055045128,0.00163405784363702,-0.247713052994571,2.00490807265327e-05,2.00490807905518e-05,8.47617742660844e-09,-2.05055672442e-09,6.16645630193755e-09,1.00003425282587e-26,0,0.969999999999345,0.690000000004375,0.829999999999927,1.29999999999563,0.5,3.35000000000377,0.0400000000008731,0,2.34000000000015,5.34000000000378,40.9700000000012,137.590000000002
23,1,-0.666666666666667,-0.666666666666667,c2,0.00163406631981444,-0.247713055045128,0.00163405905448277,-0.247713053287475,1.93652283378245e-05,1.93652283378245e-05,7.26533166961474e-09,-1.757653134149e-09,5.28556471956832e-09,1.00003425282587e-26,0,0.93999999999869,0.809999999997672,0.840000000000146,1.33000000000175,0.280000000000655,3.27999999999884,0.0299999999988358,0,2.1299999999992,5.41999999999825,43.1000000000004,143.01
24,1,-0.666666666666667,-0.666666666666667,c2,0.00163406631981444,-0.247713055045128,0.00163405996262433,-0.247713053507159,1.87716033741284e-05,1.87716034362883e-05,6.35719010766422e-09,-1.53796841928511e-09,4.62488988645688e-09,1.00003425282587e-26,0,1.13000000000102,0.82999999999879,0.93999999999869,1.06999999999744,0.319999999999709,3.28999999999996,0,0,2.40999999999985,5.18999999999619,45.5200000000004,148.199999999996
25,1,-0.666666666666667,-0.666666666666667,c2,0.00163406631981444,-0.247713055045128,0.00163406066896243,-0.247713053678029,1.82453157464626e-05,1.82453159299795e-05,5.65085200854298e-09,-1.36709854547945e-09,4.11102705266618e-09,1.00003425282587e-26,0,0.450000000000728,0.970000000002415,1.15999999999985,0.819999999999368,0.479999999999563,3.16999999999621,0.0500000000010914,0,2.15999999999985,4.95999999999799,47.6800000000003,153.169999999996
26,1,-0.666666666666667,-0.666666666666667,c2,0.00163406631981444,-0.247713055045128,0.00163406123403531,-0.247713053814729,1.77716338386104e-05,1.77716339589824e-05,5.08577913116426e-09,-1.23039833876959e-09,3.69993442124539e-09,1.00003425282587e-26,0,0.819999999999709,0.430000000004043,0.940000000000509,0.989999999997394,0.329999999999927,3.35999999999979,0,0,2.09000000000015,4.78000000000122,49.7700000000004,157.959999999999
27,1,-0.666666666666667,-0.666666666666667,c2,0.00163406631981444,-0.247713055045128,0.00163406169637081,-0.247713053926575,1.73404741321104e-05,1.73404741913256e-05,4.62344362794909e-09,-1.1185521398005e-09,3.36358364473632e-09,1.00003425282587e-26,0,0.450000000000728,0.489999999998759,1.10000000000036,1.09000000000174,0.639999999999418,3.1699999999995,0.0300000000006548,0,2.22000000000116,4.7699999999968,51.9900000000016,162.729999999996
28,1,-0.666666666666667,-0.666666666666667,c2,0.00163406631981444,-0.247713055045128,0.00163406208164985,-0.247713054019784,1.69445920352492e-05,1.69445920935171e-05,4.23816459704796e-09,-1.025343698835e-09,3.08329116792522e-09,1.00003425282587e-26,0,1.25,0.630000000002269,1.18999999999869,1.33000000000061,0.3700000000008,3.13999999999942,0,0.0100000000020373,2.80999999999949,5.11000000000433,54.8000000000011,167.840000000001
29,1,-0.666666666666667,-0.666666666666667,c2,0.00163406631981444,-0.247713055045128,0.00163406240765929,-0.247713054098651,1.65785763020348e-05,1.65785764740807e-05,3.91215515538335e-09,-9.46476785834705e-10,2.84611808134488e-09,1.00003425282587e-26,0,0.3799999999992,0.569999999998572,1.23000000000138,1.09999999999707,0.449999999998909,3.23000000000229,0.0799999999999272,0.0100000000020373,2.17000000000007,4.90999999999997,56.9700000000012,172.750000000001
30,1,-0.666666666666667,-0.666666666666667,c2,0.00163406631981444,-0.247713055045128,0.00163406268709476,-0.247713054166254,1.62382565377416e-05,1.62382565942011e-05,3.63271968062406e-09,-8.78873973597649e-10,2.6428272493166e-09,1.00003425282587e-26,0,1.55999999999949,0.32000000000005,0.940000000000509,0.989999999998759,0.420000000000073,3.08000000000175,0,0.0199999999967986,2.94000000000051,4.40999999999735,59.9100000000017,177.159999999998
